q: 65537

1/N: 65409

omega_i:         
        431, 862, 911, 1007, 1065, 1089, 1111, 1497,
        1707, 1724, 1822, 2014, 2130, 2178, 2222, 2229,
        2383, 2407, 2623, 2773, 2994, 3349, 3414, 3448,
        3644, 4028, 4123, 4153, 4159, 4245, 4260, 4356,
        4444, 4458, 4766, 4814, 4995, 5015, 5246, 5363,
        5546, 5567, 5791, 5851, 5988, 6698, 6725, 6828,
        6896, 7233, 7288, 7673, 8005, 8056, 8059, 8246,
        8306, 8318, 8331, 8490, 8493, 8520, 8712, 8819,
        8888, 8916, 9379, 9427, 9495, 9532, 9579, 9628,
        9879, 9990, 10030, 10369, 10423, 10492, 10719, 10726,
        10827, 10913, 11019, 11092, 11095, 11134, 11299, 11487,
        11557, 11582, 11699, 11702, 11737, 11953, 11976, 12819,
        13396, 13450, 13495, 13656, 13792, 14261, 14383, 14466,
        14576, 14703, 15323, 15346, 15547, 15691, 15827, 16010,
        16112, 16118, 16492, 16612, 16636, 16662, 16811, 16980,
        16986, 17040, 17415, 17424, 17633, 17638, 17725, 17776,
        17832, 17847, 18399, 18467, 18589, 18729, 18741, 18758,
        18779, 18854, 18990, 19064, 19091, 19139, 19158, 19209,
        19256, 19309, 19589, 19758, 19980, 20060, 20215, 20271,
        20307, 20341, 20587, 20738, 20846, 20984, 21001, 21079,
        21157, 21169, 21438, 21452, 21461, 21531, 21654, 21767,
        21826, 21885, 22003, 22038, 22184, 22190, 22229, 22268,
        22475, 22598, 22615, 22633, 22661, 22974, 23114, 23164,
        23199, 23223, 23379, 23398, 23404, 23474, 23535, 23569,
        23845, 23906, 23952, 24061, 24363, 24855, 24923, 24995,
        25107, 25417, 25577, 25638, 26021, 26359, 26792, 26900,
        26919, 26990, 27025, 27119, 27221, 27259, 27312, 27355,
        27409, 27557, 27584, 27829, 27979, 28021, 28055, 28079,
        28359, 28522, 28603, 28739, 28766, 28932, 29152, 29406,
        29843, 29873, 29985, 30087, 30261, 30271, 30646, 30689,
        30692, 30707, 31094, 31382, 31457, 31565, 31577, 31654,
        31915, 32020, 32213, 32224, 32236, 32265, 32313, 32553,
        32984, 33224, 33272, 33301, 33313, 33324, 33517, 33622,
        33883, 33960, 33972, 34080, 34155, 34443, 34830, 34845,
        34848, 34891, 35266, 35276, 35450, 35552, 35664, 35694,
        36131, 36385, 36605, 36771, 36798, 36934, 37015, 37178,
        37458, 37482, 37516, 37558, 37708, 37953, 37980, 38128,
        38182, 38225, 38278, 38316, 38418, 38512, 38547, 38618,
        38637, 38745, 39178, 39516, 39899, 39960, 40120, 40430,
        40542, 40614, 40682, 41174, 41476, 41585, 41631, 41692,
        41968, 42002, 42063, 42133, 42139, 42158, 42314, 42338,
        42373, 42423, 42563, 42876, 42904, 42922, 42939, 43062,
        43269, 43308, 43347, 43353, 43499, 43534, 43652, 43711,
        43770, 43883, 44006, 44076, 44085, 44099, 44368, 44380,
        44458, 44536, 44553, 44691, 44799, 44950, 45196, 45230,
        45266, 45322, 45477, 45557, 45779, 45948, 46228, 46281,
        46328, 46379, 46398, 46446, 46473, 46547, 46683, 46758,
        46779, 46796, 46808, 46948, 47070, 47138, 47690, 47705,
        47761, 47812, 47899, 47904, 48113, 48122, 48497, 48551,
        48557, 48726, 48875, 48901, 48925, 49045, 49419, 49425,
        49527, 49710, 49846, 49990, 50191, 50214, 50834, 50961,
        51071, 51154, 51276, 51745, 51881, 52042, 52087, 52141,
        52718, 53561, 53584, 53800, 53835, 53838, 53955, 53980,
        54050, 54238, 54403, 54442, 54445, 54518, 54624, 54710,
        54811, 54818, 55045, 55114, 55168, 55507, 55547, 55658,
        55909, 55958, 56005, 56042, 56110, 56158, 56621, 56649,
        56718, 56825, 57017, 57044, 57047, 57206, 57219, 57231,
        57291, 57478, 57481, 57532, 57864, 58249, 58304, 58641,
        58709, 58812, 58839, 59549, 59686, 59746, 59970, 59991,
        60174, 60291, 60522, 60542, 60723, 60771, 61079, 61093,
        61181, 61277, 61292, 61378, 61384, 61414, 61509, 61893,
        62089, 62123, 62188, 62543, 62764, 62914, 63130, 63154,
        63308, 63315, 63359, 63407, 63523, 63715, 63813, 63830,
        64040, 64426, 64448, 64472, 64530, 64626, 64675, 65106

1/omega_i: 55045, 60291, 46473, 19980, 20738, 11976, 27312, 8712, 17776, 62914, 56005, 9990, 10369, 5988, 13656, 20846, 58249, 40542, 63813, 9879, 4356, 57044, 8888, 31457, 60771, 4995, 28739, 22661, 57532, 14466, 37953, 2994, 6828, 10423, 61893, 20271, 4028, 21654, 64675, 11487, 37708, 16811, 37516, 45196, 2178, 28522, 22190, 4444, 48497, 8490, 63154, 15323, 61378, 35266, 30707, 47138, 44099, 28766, 21885, 7233, 62188, 51745, 1497, 42158, 3414, 37980, 23164, 22184, 35664, 63715, 42063, 42904, 2773, 2014, 10827, 2130, 4458, 65106, 48925, 38512, 10030, 32213, 38618, 18854, 13450, 41174, 23404, 5363, 42922, 18758, 38278, 22598, 46379, 12819, 1089, 11953, 14261, 11095, 24923, 2222, 57017, 13396, 16636, 4245, 31577, 42314, 7673, 40430, 33972, 26021, 47690, 30689, 17633, 48122, 23569, 54818, 14383, 43711, 5567, 36385, 31094, 58641, 49419, 33517, 16112, 21079, 45948, 1707, 18990, 49710, 57291, 22003, 37558, 27119, 23199, 11582, 37178, 11092, 17832, 64626, 40120, 23398, 53800, 28079, 21452, 22038, 47812, 34155, 1007, 38182, 30692, 4814, 38547, 59686, 22268, 1065, 2229, 32553, 22475, 17638, 29406, 28055, 57231, 19256, 23114, 23535, 5015, 28603, 48875, 8331, 18467, 19309, 9427, 6725, 30261, 20587, 21001, 11702, 53980, 55909, 4153, 35450, 21461, 9379, 18741, 50834, 56718, 19139, 11299, 55958, 21531, 16492, 31654, 39178, 33313, 32236, 54403, 35694, 13495, 63130, 50191, 46446, 32265, 38745, 15691, 41631, 39899, 38316, 54518, 45230, 54811, 18729, 38637, 53838, 1111, 45477, 33224, 56621, 61277, 59991, 46948, 59746, 21169, 19209, 46758, 6698, 21767, 4123, 8318, 34891, 48557, 21157, 40682, 56042, 31915, 42563, 22229, 57481, 36605, 16010, 20215, 8059, 16986, 45779, 3448, 49990, 14576, 23845, 29985, 48113, 10913, 41585, 24061, 25577, 38128, 20984, 44553, 27409, 39960, 41476, 23952, 54624, 17424, 35552, 41692, 50961, 15547, 62089, 19758, 48551, 57478, 45322, 49527, 28932, 8056, 43308, 22974, 33622, 9495, 24855, 44380, 16980, 30646, 57219, 61414, 43770, 58839, 18779, 46328, 44368, 5791, 18589, 5546, 4260, 8916, 32313, 20060, 64426, 11699, 26900, 46808, 10726, 20307, 11019, 27221, 25638, 23906, 49846, 26792, 33272, 19091, 15346, 2407, 52042, 29843, 11134, 33301, 32224, 26359, 33883, 49045, 44006, 9579, 54238, 46398, 8819, 14703, 46796, 56158, 44076, 30087, 61384, 9628, 11557, 53835, 44536, 44950, 35276, 58812, 56110, 46228, 47070, 57206, 16662, 36934, 60522, 42002, 42423, 46281, 8306, 37482, 36131, 47899, 43062, 32984, 63308, 64472, 43269, 5851, 26990, 60723, 34845, 27355, 64530, 31382, 17725, 43499, 44085, 37458, 11737, 42139, 25417, 911, 47705, 54445, 28359, 53955, 42338, 38418, 27979, 43534, 8246, 15827, 46547, 63830, 19589, 44458, 49425, 32020, 16118, 6896, 34443, 29152, 59970, 21826, 51154, 10719, 41968, 17415, 47904, 34848, 17847, 39516, 31565, 25107, 57864, 23223, 33960, 61292, 48901, 52141, 8520, 63315, 40614, 54442, 51276, 53584, 64448, 52718, 19158, 42939, 27259, 46779, 22615, 60174, 42133, 24363, 52087, 46683, 26919, 33324, 55507, 27025, 16612, 431, 61079, 63407, 54710, 63523, 62764, 22633, 23474, 1822, 29873, 43353, 42373, 27557, 62123, 23379, 64040, 13792, 3349, 58304, 43652, 36771, 21438, 18399, 34830, 30271, 4159, 50214, 2383, 57047, 17040, 61093, 43347, 37015, 63359, 20341, 28021, 48726, 27829, 54050, 862, 43883, 61509, 45266, 3644, 55114, 58709, 62543, 27584, 51071, 8005, 42876, 36798, 60542, 4766, 34080, 56649, 8493, 61181, 55658, 1724, 24995, 7288, 44691, 51881, 59549, 55168, 55547, 9532, 2623, 47761, 56825, 38225, 53561, 44799, 45557, 19064, 5246, 10492
